image_width: 960
image_height: 540
camera_name: webcam
camera_matrix:
  rows: 3
  cols: 3
  data: [547.621854, 0.000000, 486.634651, 0.000000, 546.463674, 262.816629, 0.000000, 0.000000, 1.000000]
distortion_model: plumb_bob
distortion_coefficients:
  rows: 1
  cols: 5
  data: [0.008525, -0.087556, -0.003017, 0.000184, 0.000000]
rectification_matrix:
  rows: 3
  cols: 3
  data: [1.000000, 0.000000, 0.000000, 0.000000, 1.000000, 0.000000, 0.000000, 0.000000, 1.000000]
projection_matrix:
  rows: 3
  cols: 4
  data: [515.410583, 0.000000, 489.359382, 0.000000, 0.000000, 544.530945, 261.455827, 0.000000, 0.000000, 0.000000, 1.000000, 0.000000]
