image_width: 1920
image_height: 1080
camera_name: webcam
camera_matrix:
  rows: 3
  cols: 3
  data: [1132.668978, 0.000000, 939.906224, 0.000000, 1129.748696, 538.886970, 0.000000, 0.000000, 1.000000]
distortion_model: plumb_bob
distortion_coefficients:
  rows: 1
  cols: 5
  data: [0.052311, -0.142902, 0.001745, -0.001027, 0.000000]
rectification_matrix:
  rows: 3
  cols: 3
  data: [1.000000, 0.000000, 0.000000, 0.000000, 1.000000, 0.000000, 0.000000, 0.000000, 1.000000]
projection_matrix:
  rows: 3
  cols: 4
  data: [1076.246094, 0.000000, 927.744520, 0.000000, 0.000000, 1134.804565, 540.228233, 0.000000, 0.000000, 0.000000, 1.000000, 0.000000]
